0 0.639858 0.251090 0.460594 0.119428
0 0.634528 0.348110 0.493217 0.106589
0 0.666828 0.422359 0.462855 0.119428
0 0.658107 0.498183 0.467377 0.129118
0 0.362080 0.495034 0.258398 0.138808
0 0.585917 0.564438 0.348837 0.145349
0 0.348191 0.562016 0.239018 0.108043
0 0.352390 0.617733 0.226098 0.106589
0 0.342700 0.670179 0.211240 0.124273
0 0.364180 0.725170 0.150840 0.098595
0 0.341570 0.771076 0.183140 0.077519
0 0.331880 0.826793 0.197997 0.121124
0 0.560078 0.629845 0.245478 0.137112
0 0.504199 0.717781 0.185401 0.087209
0 0.463178 0.755814 0.116279 0.056686
0 0.456718 0.830184 0.142119 0.072674
0 0.447190 0.862403 0.079780 0.043605
0 0.867248 0.545058 0.265504 0.164729
0 0.816699 0.639535 0.366602 0.130814
0 0.707687 0.838905 0.553618 0.319767
0 0.611919 0.919453 0.383398 0.161095
0 0.527778 0.958212 0.284238 0.083576
0 0.898579 0.724322 0.202842 0.155039
0 0.964147 0.849443 0.071705 0.079215
0 0.914729 0.918726 0.170543 0.162548
0 0.537629 0.675872 0.217377 0.103198
