0 0.127261 0.189438 0.253876 0.099322
0 0.041021 0.277011 0.071059 0.061289
0 0.039406 0.329457 0.074289 0.062984
0 0.441699 0.179264 0.450581 0.096899
0 0.764373 0.207485 0.304587 0.090359
0 0.470123 0.263687 0.449289 0.096172
0 0.170220 0.263687 0.279716 0.071948
0 0.183140 0.321463 0.230620 0.067829
0 0.218346 0.428779 0.436047 0.175872
0 0.244671 0.492611 0.439599 0.119428
0 0.266796 0.548692 0.434109 0.091085
0 0.254360 0.598837 0.467377 0.094477
0 0.254360 0.661822 0.409238 0.123547
0 0.275355 0.695615 0.391150 0.125242
0 0.227875 0.749758 0.423450 0.122093
0 0.238857 0.795785 0.404070 0.134690
0 0.250646 0.850775 0.386951 0.109012
0 0.529554 0.308140 0.380168 0.075097
0 0.500484 0.356831 0.449289 0.096899
0 0.526324 0.424297 0.334948 0.071948
0 0.553779 0.483285 0.325258 0.063953
0 0.554910 0.530887 0.290698 0.086483
0 0.572674 0.576914 0.287468 0.086483
0 0.539890 0.627059 0.338178 0.083091
0 0.554264 0.679506 0.274548 0.071705
0 0.545220 0.715116 0.282300 0.070252
0 0.544089 0.769138 0.301357 0.083333
0 0.781492 0.279797 0.259367 0.073643
0 0.768088 0.330305 0.284238 0.070979
0 0.783107 0.382752 0.286499 0.071221
0 0.798288 0.436047 0.256137 0.059593
0 0.780523 0.474443 0.233527 0.042878
0 0.796673 0.517200 0.238049 0.057171
0 0.800388 0.559956 0.211240 0.044331
0 0.783753 0.608043 0.220607 0.069283
0 0.784238 0.643532 0.234496 0.064680
0 0.770187 0.702156 0.249677 0.091328
0 0.786822 0.728319 0.216408 0.079215
0 0.940084 0.881783 0.119832 0.141957
0 0.704619 0.940891 0.443475 0.118217
