0 0.344477 0.139050 0.398256 0.085271
0 0.670381 0.152737 0.379522 0.088421
0 0.306525 0.207970 0.296512 0.076793
0 0.549419 0.217297 0.239018 0.096899
0 0.768572 0.227713 0.263889 0.083818
0 0.322674 0.271318 0.393411 0.087209
0 0.686208 0.281371 0.364018 0.078246
0 0.307009 0.327519 0.297481 0.070252
0 0.509205 0.347989 0.214147 0.080669
0 0.741279 0.337452 0.290698 0.072674
0 0.338340 0.395349 0.385982 0.079942
0 0.702842 0.403343 0.364987 0.076550
0 0.244671 0.454700 0.305879 0.072674
0 0.480136 0.466328 0.250969 0.075097
0 0.740149 0.459060 0.299419 0.071705
0 0.304910 0.518411 0.409561 0.087209
0 0.677649 0.519259 0.419897 0.084060
0 0.242087 0.587452 0.320090 0.078488
0 0.523256 0.581880 0.300388 0.070252
0 0.802003 0.585392 0.279070 0.080669
0 0.341570 0.627422 0.409238 0.072674
0 0.720769 0.635538 0.404716 0.064680
0 0.284076 0.690770 0.326550 0.076793
0 0.529716 0.679142 0.281008 0.074370
0 0.792797 0.688469 0.301357 0.070252
0 0.363049 0.746851 0.450258 0.067829
0 0.739018 0.740431 0.417959 0.070979
0 0.307655 0.805475 0.281331 0.071705
0 0.548934 0.791303 0.302649 0.070979
0 0.759528 0.800630 0.249677 0.052326
0 0.335110 0.866037 0.375000 0.091085
0 0.281815 0.918120 0.296189 0.080911
0 0.288760 0.966085 0.306202 0.065407
0 0.709948 0.854409 0.405039 0.072674
0 0.525840 0.895591 0.316537 0.072674
0 0.772448 0.906371 0.234819 0.067103
0 0.760013 0.961240 0.244186 0.060562
0 0.547965 0.910247 0.238049 0.179506
0 0.916344 0.418726 0.167313 0.083091
0 0.916828 0.499031 0.166344 0.078973
0 0.927487 0.559593 0.144380 0.043605
0 0.950258 0.609617 0.099483 0.056444
0 0.944283 0.661337 0.111434 0.061531
0 0.948643 0.724685 0.102713 0.073401
0 0.933624 0.795422 0.132752 0.069525
0 0.935724 0.853924 0.128553 0.060562
0 0.935239 0.909278 0.129522 0.051599
0 0.923934 0.959302 0.152132 0.049903
