0 0.466893 0.350412 0.415052 0.117490
0 0.249677 0.391594 0.264858 0.122335
0 0.843669 0.372214 0.312661 0.182897
0 0.456395 0.447917 0.293928 0.089632
0 0.659884 0.406734 0.255168 0.133236
0 0.248062 0.484254 0.261628 0.092054
0 0.426518 0.539365 0.305233 0.081153
0 0.653424 0.515746 0.300388 0.087209
0 0.831557 0.501817 0.336886 0.124758
0 0.262597 0.564801 0.255168 0.095688
0 0.407946 0.616279 0.306848 0.089632
0 0.593669 0.600533 0.316537 0.092054
0 0.836725 0.587209 0.324612 0.101744
0 0.269057 0.656856 0.300388 0.095688
0 0.602552 0.674419 0.314922 0.077519
0 0.824612 0.673813 0.332687 0.105378
0 0.818960 0.728319 0.331072 0.076308
0 0.828650 0.796754 0.250323 0.055717
0 0.816537 0.831880 0.297158 0.046027
0 0.630491 0.754724 0.309432 0.066134
0 0.592054 0.820979 0.209948 0.072674
0 0.288921 0.738372 0.266473 0.075581
0 0.283592 0.795422 0.248708 0.058382
0 0.444283 0.771923 0.240633 0.072917
