0 0.210271 0.061168 0.419897 0.121851
0 0.060562 0.097505 0.120478 0.127665
0 0.066699 0.211846 0.132752 0.100533
0 0.271641 0.175388 0.458656 0.122093
0 0.125161 0.328367 0.249677 0.131541
0 0.295543 0.273740 0.394703 0.079457
0 0.120317 0.429990 0.239987 0.076550
0 0.135820 0.521681 0.267119 0.104893
0 0.139050 0.601623 0.273579 0.114583
0 0.111434 0.679142 0.216408 0.113130
0 0.126130 0.755087 0.247739 0.135659
0 0.128230 0.839753 0.247416 0.132510
0 0.125000 0.910368 0.245478 0.133236
0 0.160045 0.948038 0.319444 0.100048
0 0.418605 0.336361 0.466408 0.115552
0 0.320575 0.429264 0.300711 0.089632
0 0.596899 0.410247 0.271318 0.085514
0 0.422319 0.508358 0.444121 0.121851
0 0.338340 0.609254 0.316860 0.125000
0 0.425065 0.672238 0.432171 0.157461
0 0.375969 0.748062 0.314599 0.133236
0 0.396964 0.798207 0.412791 0.147771
0 0.402293 0.873304 0.313630 0.136628
0 0.505814 0.167515 0.414729 0.141231
0 0.549580 0.258721 0.294897 0.084787
0 0.713663 0.325824 0.298127 0.099322
0 0.740633 0.391594 0.208010 0.075824
0 0.706718 0.462209 0.275840 0.084787
0 0.820252 0.719477 0.220607 0.077519
0 0.653424 0.794574 0.281008 0.132267
0 0.728844 0.692829 0.322028 0.130814
0 0.591570 0.679869 0.262597 0.119428
0 0.588340 0.553052 0.286499 0.111434
0 0.768088 0.621366 0.178941 0.063953
0 0.729813 0.583454 0.276809 0.087936
0 0.770349 0.511143 0.200258 0.061531
0 0.900194 0.492611 0.199612 0.100048
0 0.895349 0.558745 0.209302 0.070979
0 0.907138 0.632752 0.185724 0.123547
0 0.937177 0.662548 0.120478 0.079942
