0 0.128068 0.291424 0.202519 0.089632
0 0.111596 0.360344 0.159884 0.073886
0 0.122416 0.412185 0.177003 0.071948
0 0.128068 0.457001 0.168928 0.057413
0 0.149871 0.494549 0.183463 0.054021
0 0.152293 0.534278 0.170220 0.052083
0 0.156654 0.564196 0.155039 0.045543
0 0.162468 0.597263 0.155039 0.054506
0 0.292313 0.274104 0.242248 0.084060
0 0.277455 0.329457 0.209302 0.089632
0 0.270510 0.391957 0.163114 0.065407
0 0.280685 0.439801 0.160853 0.059351
0 0.279877 0.476986 0.150840 0.063469
0 0.297642 0.522650 0.154070 0.071463
0 0.296350 0.567224 0.153424 0.062258
0 0.300065 0.598110 0.145995 0.046512
0 0.432171 0.317708 0.216408 0.110707
0 0.421996 0.389414 0.181848 0.066618
0 0.432817 0.446100 0.174419 0.056444
0 0.429587 0.498789 0.164729 0.063469
0 0.447836 0.543968 0.160530 0.052083
0 0.443798 0.588421 0.151163 0.058624
0 0.564922 0.341328 0.167313 0.116764
0 0.552810 0.424903 0.178618 0.075581
0 0.547965 0.478803 0.179910 0.074370
0 0.541505 0.530039 0.166990 0.067829
0 0.533430 0.570858 0.156008 0.058866
0 0.526486 0.612888 0.155039 0.046027
0 0.490633 0.266231 0.155685 0.058624
0 0.739018 0.282946 0.193798 0.094477
0 0.737726 0.360344 0.202842 0.078731
0 0.734012 0.421633 0.192183 0.054506
0 0.724806 0.467660 0.196382 0.056928
0 0.712371 0.510659 0.195413 0.048450
0 0.699774 0.550872 0.189599 0.056202
0 0.695252 0.589995 0.185724 0.049661
0 0.682332 0.626211 0.169574 0.055717
0 0.906492 0.230862 0.166990 0.048450
0 0.912629 0.294453 0.174742 0.093266
0 0.913114 0.375848 0.173773 0.080669
0 0.906169 0.442103 0.187661 0.055717
0 0.903747 0.488493 0.192506 0.054990
0 0.896964 0.527859 0.206072 0.061047
0 0.888727 0.573280 0.201227 0.068556
0 0.873708 0.609859 0.197028 0.066618
0 0.860465 0.649588 0.189922 0.057413
